20
2500
0.5
0.4
0.1
1.4
0.02
0.02
200
1.2
1004
1850
0.026
0.017
0.001
1
1.013
20
0
0
0.09
0
@#$08a9d11776f76edffa19b09fdbad1a91d5fa8410eb64c80641df3a2e9978b834cbebe3a4f3e02e812b68875107cca84c656a34ddf916c374d8787c7b7be98a302556c2f2dd7faec2b830002b7dad0ea11d7054d8184a3b861
1
1
3
1
1
1
1
1
water
diesel80_rme20
@#$089ece5fea95e7f13b452fcfee62f61c6944c31161aab119811f9ec1017f9c5e1babe7ef267bee98d69dafc417028e64911baa347dd554b6eb91447891e88511c41f8b542a38f2aaab2aefa18fcb80a4c9bb1eabc364a1fcd
$AME/libthh/data_advanced/diesel80_rme20.data
10^(6.20963-2354.731/(280.709+T))+0.02
10^(6.20963-2354.731/(280.709+T))
2000*(xueq-xu)*sqrt(fabs(psat-p))
-0.1*xu*sqrt(fabs(p-psat))
$AME/libthh/data/
$AME/libthh/data_advanced/
0
1
1
1.01300000000000e+00
2.00000000000000e+01
0.00000000000000e+00
0
1
1
1.01300000000000e+00
2.00000000000000e+01
0.00000000000000e+00
0
0
0
60
15
15
60
30
30
60
45
45
60
0
0
3
0
0
3
0
0
3
0
0
3
4
1
55
0.44
0.7
2
0.8
0.7
1000
1000
5
5
5
850
60
0
100
0
1
1
1
1
1
1
1
20*x
5*sqrt(x)
sqrt(4/pi*area)
0.00000000000000e+00
0.00000000000000e+00
0.00000000000000e+00
0.00000000000000e+00
0
1
1.013
20
0
1
0
1
2
1
0
0
0
11
5
0
0.0159154943091895
-1e+30
1e+30
1
0.1
1
1
3
0.00000000000000e+00
0.00000000000000e+00
3.00000000000000e+00
1.00000000000000e+00
0.00000000000000e+00
0.00000000000000e+00
1.00000000000000e-03
-1.00000000000000e+30
1.00000000000000e+30
1.00000000000000e+00
1.00000000000000e-01
1.00000000000000e+00
30
0.00000000000000e+00
1
1
1
1
1
1
1
1
1
1
1
1
1
1
1
1
1
1
1
1
1
1e-05
0.8
1049
1.013
20
2000
10
10
0
0
0
0
0
0
1
0
2
1
1
1
2
1
1
2
1
2
1
1
1
1
2
1
1
1
1
1
pumpcurves_extended.data
$AME/libthh/data/eff.data
$AME/libthh/data/power.data
0.00000000000000e+00
0.00000000000000e+00
1.01300000000000e+00
2.00000000000000e+01
1
1
1
